999 3
999 22
999 40
999 3
999 23
999 41
998 60
999 78
995 97
999 115
995 134
995 152
997 171
999 189
999 208
999 226
999 245
995 263
995 282
999 300
999 319
999 337
999 355
999 374
995 392
995 411
999 429
999 448
999 466
995 485
999 503
999 522
995 540
999 559
999 577
999 596
995 614
999 633
995 651
999 670
995 688
999 706
995 725
999 743
995 762
999 780
995 799
999 817
995 836
999 854
995 873
993 891
995 910
999 928
999 947
999 965
999 984
995 1002
995 1021
993 1039
993 1058
993 1076
995 1095
995 1113
995 1132
999 1150
999 1169
999 1187
999 1206
999 1224
999 1243
999 1261
995 1280
995 1298
999 1316
998 1335
995 1353
999 1372
999 1390
