project "microPop
  Start Project:  microPop     Mon May 11 14:43:17 PDT 2015   unix time:  1431380597880
  Opening Project  microPop
.microPop
  starting microPop
  25.97909790979098 1.3248351648351648 21
  26.564356435643564 1.5222710622710622 40
  25.97909790979098 0.809084249084249 58
  25.811881188118814 0.805054945054945 76
  25.477447744774476 0.805054945054945 94
  25.477447744774476 0.805054945054945 113
  25.811881188118814 0.805054945054945 131
  25.895489548954895 0.805054945054945 149
  25.895489548954895 0.805054945054945 168
  25.895489548954895 0.805054945054945 186
  25.477447744774476 0.805054945054945 204
  25.477447744774476 0.805054945054945 223
  25.811881188118814 0.805054945054945 241
  25.895489548954895 0.805054945054945 259
  25.477447744774476 0.805054945054945 278
  25.477447744774476 0.805054945054945 296
  25.811881188118814 0.809084249084249 314
  25.811881188118814 0.805054945054945 333
  25.895489548954895 0.805054945054945 351
  25.811881188118814 0.805054945054945 369
  25.895489548954895 0.805054945054945 388
  25.895489548954895 0.805054945054945 406
  25.895489548954895 0.805054945054945 424
  25.895489548954895 0.805054945054945 443
  25.97909790979098 0.805054945054945 461
  25.97909790979098 0.805054945054945 479
  26.22992299229923 0.805054945054945 498
  26.22992299229923 0.805054945054945 516
  26.22992299229923 0.805054945054945 534
  26.22992299229923 0.805054945054945 553
  26.3971397139714 0.8018315018315019 571
  26.564356435643564 0.8018315018315019 589
  26.564356435643564 0.8018315018315019 608
  26.564356435643564 0.8018315018315019 626
  26.64796479647965 0.8018315018315019 644
  26.64796479647965 0.8018315018315019 663
  26.64796479647965 0.8002197802197802 681
  26.982398239823983 0.8018315018315019 699
  26.982398239823983 0.8002197802197802 718
  27.14961496149615 0.8002197802197802 736
  27.14961496149615 0.7994139194139194 755
  27.14961496149615 0.7994139194139194 773
  27.14961496149615 0.8002197802197802 791
  27.567656765676567 0.7994139194139194 810
  27.567656765676567 0.7994139194139194 828
  27.81848184818482 0.7994139194139194 846
  27.81848184818482 0.7994139194139194 865
  27.81848184818482 0.7986080586080586 883
  27.81848184818482 0.7986080586080586 901
  28.32013201320132 0.7986080586080586 920
  27.81848184818482 0.7986080586080586 938
  28.236523652365236 0.7961904761904762 956
  28.48734873487349 0.7986080586080586 975
  28.48734873487349 0.7986080586080586 993
  28.570957095709574 0.7978021978021979 1011
  28.654565456545654 0.7978021978021979 1030
  28.654565456545654 0.7978021978021979 1048
  28.821782178217823 0.796996336996337 1066
  28.905390539053908 0.7961904761904762 1085
  28.905390539053908 0.7978021978021979 1103
  28.98899889988999 0.7961904761904762 1121
  29.156215621562158 0.7961904761904762 1140
  29.156215621562158 0.7961904761904762 1158
  29.156215621562158 0.7961904761904762 1176
  29.156215621562158 0.7937728937728937 1195
  29.156215621562158 0.7961904761904762 1213
  29.156215621562158 0.7937728937728937 1231
  29.825082508250826 0.7921611721611722 1250
  29.825082508250826 0.7937728937728937 1268
  29.825082508250826 0.792967032967033 1286
  30.243124312431245 0.7937728937728937 1304
  30.326732673267326 0.792967032967033 1323
  30.243124312431245 0.792967032967033 1341
  30.57755775577558 0.792967032967033 1359
  30.57755775577558 0.7857142857142857 1378
  30.66116611661166 0.788937728937729 1396
  30.66116611661166 0.792967032967033 1414
  30.82838283828383 0.792967032967033 1433
  31.162816281628164 0.7857142857142857 1451
  31.246424642464248 0.7857142857142857 1469
  31.330033003300333 0.7921611721611722 1488
  31.580858085808583 0.788937728937729 1506
  31.748074807480748 0.7857142857142857 1525
  31.831683168316832 0.7857142857142857 1543
  31.831683168316832 0.7857142857142857 1561
  31.831683168316832 0.7857142857142857 1580
  31.998899889989 0.792967032967033 1598
  31.998899889989 0.792967032967033 1616
  32.16611661166117 0.7921611721611722 1634
  32.500550055005505 0.7921611721611722 1653
  32.500550055005505 0.7921611721611722 1671
  32.500550055005505 0.7921611721611722 1689
  32.500550055005505 0.7921611721611722 1708
  32.500550055005505 0.792967032967033 1726
  32.500550055005505 0.7921611721611722 1744
  32.91859185918592 0.792967032967033 1763
  33.169416941694166 0.792967032967033 1781
  33.169416941694166 0.788937728937729 1799
  33.169416941694166 0.792967032967033 1818
  33.169416941694166 0.7961904761904762 1836
  33.169416941694166 0.7937728937728937 1854
  33.169416941694166 0.7961904761904762 1873
  33.169416941694166 0.7937728937728937 1891
  33.169416941694166 0.792967032967033 1909
  33.169416941694166 0.7961904761904762 1928
  33.92189218921892 0.7937728937728937 1946
  34.005500550055004 0.7961904761904762 1964
  34.25632563256326 0.7961904761904762 1983
  34.005500550055004 0.7961904761904762 2001
  34.25632563256326 0.7978021978021979 2019
  34.25632563256326 0.7961904761904762 2038
  34.25632563256326 0.7978021978021979 2056
  34.25632563256326 0.7986080586080586 2074
  34.25632563256326 0.7986080586080586 2093
  34.42354235423542 0.7978021978021979 2111
  34.507150715071504 0.7986080586080586 2129
  34.507150715071504 0.7986080586080586 2148
  34.507150715071504 0.7994139194139194 2166
  34.507150715071504 0.7994139194139194 2184
  34.59075907590759 0.7986080586080586 2203
  34.507150715071504 0.7986080586080586 2221
  34.59075907590759 0.7994139194139194 2239
  34.59075907590759 0.7986080586080586 2258
  34.59075907590759 0.7994139194139194 2276
  34.59075907590759 0.7986080586080586 2295
  34.59075907590759 0.7994139194139194 2313
  34.59075907590759 0.7994139194139194 2331
  34.59075907590759 0.8002197802197802 2350
  34.67436743674368 0.7994139194139194 2368
  34.59075907590759 0.7994139194139194 2386
  34.59075907590759 0.8002197802197802 2405
  34.59075907590759 0.7994139194139194 2423
  34.59075907590759 0.8002197802197802 2441
  34.59075907590759 0.8002197802197802 2460
  34.67436743674368 0.8002197802197802 2478
  34.67436743674368 0.805054945054945 2496
  34.59075907590759 0.8018315018315019 2515
  34.59075907590759 0.8018315018315019 2533
  34.67436743674368 0.8018315018315019 2551
  34.67436743674368 0.8042490842490843 2570
  34.67436743674368 0.805054945054945 2588
  34.67436743674368 0.8018315018315019 2606
  34.67436743674368 0.805054945054945 2625
  34.67436743674368 0.805054945054945 2643
  34.59075907590759 0.805054945054945 2661
  34.59075907590759 0.805054945054945 2680
  34.67436743674368 0.805054945054945 2698
  34.67436743674368 0.805054945054945 2716
  34.59075907590759 0.805054945054945 2735
  34.59075907590759 0.805054945054945 2753
  34.67436743674368 0.805054945054945 2771
  34.59075907590759 0.805054945054945 2790
  34.507150715071504 0.805054945054945 2808
  34.507150715071504 0.805054945054945 2826
  34.507150715071504 0.805054945054945 2845
  34.59075907590759 0.805054945054945 2863
  34.42354235423542 0.805054945054945 2881
  34.25632563256326 0.805054945054945 2900
  34.42354235423542 0.805054945054945 2918
  34.59075907590759 0.805054945054945 2936
  34.59075907590759 0.8106959706959707 2955
  34.59075907590759 0.809084249084249 2973
  34.59075907590759 0.8098901098901099 2991
  34.59075907590759 0.809084249084249 3010
  34.507150715071504 0.805054945054945 3028
  34.25632563256326 0.8106959706959707 3046
  34.507150715071504 0.8106959706959707 3065
  34.42354235423542 0.8106959706959707 3083
  34.42354235423542 0.8115018315018315 3101
  34.25632563256326 0.8123076923076923 3120
  34.005500550055004 0.8123076923076923 3138
  34.25632563256326 0.8123076923076923 3156
  34.005500550055004 0.8098901098901099 3175
  34.25632563256326 0.8106959706959707 3193
  34.005500550055004 0.8115018315018315 3211
  34.25632563256326 0.8115018315018315 3230
  34.33993399339934 0.8115018315018315 3248
  34.005500550055004 0.8106959706959707 3266
  34.25632563256326 0.8123076923076923 3285
  34.005500550055004 0.8131135531135532 3303
  34.25632563256326 0.8123076923076923 3321
  33.92189218921892 0.8131135531135532 3340
  34.25632563256326 0.8123076923076923 3358
  34.25632563256326 0.8131135531135532 3376
  34.42354235423542 0.8131135531135532 3395
  34.42354235423542 0.8131135531135532 3413
  34.005500550055004 0.8131135531135532 3431
  34.005500550055004 0.8147252747252747 3450
  34.25632563256326 0.8131135531135532 3468
  34.005500550055004 0.8147252747252747 3486
  33.92189218921892 0.8131135531135532 3505
  34.005500550055004 0.8147252747252747 3523
  33.92189218921892 0.8147252747252747 3541
  33.92189218921892 0.8147252747252747 3560
  33.92189218921892 0.8147252747252747 3578
  33.83828382838284 0.8131135531135532 3596
  33.169416941694166 0.8131135531135532 3615
  33.83828382838284 0.8131135531135532 3633
  33.92189218921892 0.8147252747252747 3651
  33.83828382838284 0.8147252747252747 3670
  33.83828382838284 0.8147252747252747 3688
  33.169416941694166 0.8147252747252747 3706
  33.83828382838284 0.8147252747252747 3725
  33.83828382838284 0.8147252747252747 3743
  34.005500550055004 0.8179487179487179 3761
  33.169416941694166 0.8179487179487179 3780
  33.92189218921892 0.8187545787545788 3798
  33.169416941694166 0.8171428571428572 3816
  33.169416941694166 0.8147252747252747 3835
  33.503850385038504 0.8179487179487179 3853
  33.83828382838284 0.8179487179487179 3871
  33.83828382838284 0.8195604395604396 3890
  33.83828382838284 0.8195604395604396 3908
  33.169416941694166 0.8187545787545788 3926
  33.169416941694166 0.8219780219780219 3945
  33.169416941694166 0.8195604395604396 3963
  33.169416941694166 0.8195604395604396 3981
  33.169416941694166 0.8219780219780219 3999
  33.169416941694166 0.8195604395604396 4018
  33.169416941694166 0.8187545787545788 4036
  33.169416941694166 0.8195604395604396 4054
  33.169416941694166 0.8187545787545788 4073
  33.169416941694166 0.8219780219780219 4091
  33.169416941694166 0.8219780219780219 4109
  33.169416941694166 0.8195604395604396 4128
  33.169416941694166 0.8187545787545788 4146
  33.169416941694166 0.8219780219780219 4165
  33.169416941694166 0.8195604395604396 4183
  33.169416941694166 0.8219780219780219 4201
  33.169416941694166 0.8219780219780219 4220
  33.169416941694166 0.8219780219780219 4238
  33.169416941694166 0.8219780219780219 4256
  33.169416941694166 0.8219780219780219 4275
  33.169416941694166 0.8195604395604396 4293
  33.169416941694166 0.8219780219780219 4311
  33.169416941694166 0.8219780219780219 4330
  33.085808580858085 0.8219780219780219 4348
  33.169416941694166 0.8219780219780219 4366
  33.169416941694166 0.8219780219780219 4385
  32.91859185918592 0.8219780219780219 4403
  33.169416941694166 0.8219780219780219 4421
  32.500550055005505 0.8219780219780219 4440
  33.169416941694166 0.8195604395604396 4458
  33.169416941694166 0.8195604395604396 4476
  33.169416941694166 0.8219780219780219 4494
  33.169416941694166 0.8219780219780219 4513
  33.169416941694166 0.8219780219780219 4531
  33.169416941694166 0.8195604395604396 4549
  33.085808580858085 0.8219780219780219 4568
  33.169416941694166 0.8219780219780219 4586
  33.169416941694166 0.8219780219780219 4605
  33.169416941694166 0.8219780219780219 4623
  33.169416941694166 0.8219780219780219 4641
  33.169416941694166 0.8227838827838828 4659
  33.169416941694166 0.8195604395604396 4678
  33.169416941694166 0.8219780219780219 4696
  33.169416941694166 0.8195604395604396 4714
  33.169416941694166 0.8219780219780219 4733
  33.085808580858085 0.8219780219780219 4751
  32.500550055005505 0.8219780219780219 4770
  32.500550055005505 0.8219780219780219 4788
  32.500550055005505 0.8219780219780219 4806
  32.500550055005505 0.8211721611721612 4825
  32.500550055005505 0.8195604395604396 4843
  32.500550055005505 0.8219780219780219 4861
  32.500550055005505 0.8195604395604396 4880
  32.500550055005505 0.8195604395604396 4898
  32.500550055005505 0.8219780219780219 4916
  32.500550055005505 0.8219780219780219 4934
  32.500550055005505 0.8219780219780219 4953
  32.500550055005505 0.8219780219780219 4971
  32.500550055005505 0.8219780219780219 4989
  32.500550055005505 0.8219780219780219 5008
  32.500550055005505 0.8243956043956044 5026
  32.500550055005505 0.8227838827838828 5044
  32.500550055005505 0.8235897435897436 5063
  32.500550055005505 0.8227838827838828 5081
  32.500550055005505 0.8219780219780219 5099
  32.500550055005505 0.8219780219780219 5118
  32.500550055005505 0.8219780219780219 5136
  32.500550055005505 0.8219780219780219 5154
  32.500550055005505 0.8219780219780219 5173
  32.500550055005505 0.8219780219780219 5191
  32.500550055005505 0.8219780219780219 5209
  32.500550055005505 0.8219780219780219 5228
  32.500550055005505 0.8227838827838828 5246
  32.16611661166117 0.8219780219780219 5264
  31.831683168316832 0.8227838827838828 5283
  31.998899889989 0.8219780219780219 5301
  32.16611661166117 0.8219780219780219 5319
  30.66116611661166 0.8227838827838828 5338
  32.16611661166117 0.8235897435897436 5356
  32.16611661166117 0.8219780219780219 5374
  32.16611661166117 0.8219780219780219 5393
  32.16611661166117 0.8219780219780219 5411
  32.16611661166117 0.8219780219780219 5429
  32.16611661166117 0.8219780219780219 5448
  32.16611661166117 0.8219780219780219 5466
  31.998899889989 0.8227838827838828 5484
  32.16611661166117 0.8235897435897436 5503
  31.998899889989 0.8235897435897436 5521
  31.998899889989 0.8219780219780219 5539
  31.831683168316832 0.8219780219780219 5558
  31.998899889989 0.8235897435897436 5576
  32.16611661166117 0.8219780219780219 5594
  31.998899889989 0.8243956043956044 5613
  31.998899889989 0.8219780219780219 5631
  31.998899889989 0.8219780219780219 5649
  31.831683168316832 0.8235897435897436 5668
  31.831683168316832 0.8219780219780219 5686
  31.831683168316832 0.8219780219780219 5705
  31.831683168316832 0.8235897435897436 5723
  31.831683168316832 0.8219780219780219 5741
  31.831683168316832 0.8219780219780219 5760
  31.831683168316832 0.8219780219780219 5778
  31.831683168316832 0.8219780219780219 5796
  31.831683168316832 0.8219780219780219 5815
  31.831683168316832 0.8219780219780219 5833
  31.831683168316832 0.8219780219780219 5851
  31.831683168316832 0.8219780219780219 5870
  31.831683168316832 0.8195604395604396 5888
  31.748074807480748 0.8219780219780219 5906
  31.246424642464248 0.8219780219780219 5925
  31.831683168316832 0.8219780219780219 5943
  31.580858085808583 0.8219780219780219 5961
  31.246424642464248 0.8219780219780219 5979
  31.330033003300333 0.8219780219780219 5998
  31.831683168316832 0.8219780219780219 6016
  31.330033003300333 0.8219780219780219 6035
  31.580858085808583 0.8219780219780219 6053
  31.330033003300333 0.8219780219780219 6071
  31.580858085808583 0.8219780219780219 6089
  31.748074807480748 0.8235897435897436 6108
  31.580858085808583 0.8219780219780219 6126
  31.580858085808583 0.8219780219780219 6144
  31.580858085808583 0.8219780219780219 6163
  31.330033003300333 0.8219780219780219 6181
  31.580858085808583 0.8219780219780219 6199
  31.580858085808583 0.8219780219780219 6218
  30.82838283828383 0.8219780219780219 6236
  31.246424642464248 0.8219780219780219 6254
  31.330033003300333 0.8219780219780219 6273
  31.246424642464248 0.8211721611721612 6291
  31.330033003300333 0.8219780219780219 6309
  31.330033003300333 0.8195604395604396 6327
  31.330033003300333 0.8187545787545788 6346
  31.330033003300333 0.8219780219780219 6364
  31.330033003300333 0.8219780219780219 6382
  31.246424642464248 0.8219780219780219 6401
  31.246424642464248 0.8219780219780219 6419
  31.330033003300333 0.8227838827838828 6438
  31.246424642464248 0.8195604395604396 6456
  31.246424642464248 0.8219780219780219 6474
  31.246424642464248 0.8243956043956044 6493
  30.995599559955995 0.8219780219780219 6511
  31.246424642464248 0.8219780219780219 6529
  30.82838283828383 0.8219780219780219 6548
  31.162816281628164 0.8219780219780219 6566
  30.82838283828383 0.8219780219780219 6584
  31.162816281628164 0.8219780219780219 6603
  31.162816281628164 0.8219780219780219 6621
  30.82838283828383 0.8219780219780219 6639
  30.66116611661166 0.8219780219780219 6658
  30.82838283828383 0.8219780219780219 6676
  31.162816281628164 0.8219780219780219 6694
  31.162816281628164 0.8219780219780219 6712
  30.82838283828383 0.8219780219780219 6731
  30.57755775577558 0.8219780219780219 6749
  30.57755775577558 0.8219780219780219 6767
  30.82838283828383 0.8219780219780219 6786
  30.82838283828383 0.8195604395604396 6804
  30.82838283828383 0.8219780219780219 6822
  30.57755775577558 0.8227838827838828 6841
  30.243124312431245 0.8235897435897436 6859
  30.57755775577558 0.8219780219780219 6878
  30.82838283828383 0.8219780219780219 6896
  29.825082508250826 0.8219780219780219 6914
  30.82838283828383 0.8219780219780219 6933
  30.66116611661166 0.8219780219780219 6951
  30.66116611661166 0.8219780219780219 6969
  30.66116611661166 0.8219780219780219 6988
  30.66116611661166 0.8235897435897436 7006
  30.57755775577558 0.8227838827838828 7024
  30.57755775577558 0.8219780219780219 7043
  30.66116611661166 0.8219780219780219 7061
  30.66116611661166 0.8219780219780219 7079
  29.825082508250826 0.8219780219780219 7098
  30.493949394939495 0.8219780219780219 7116
  30.57755775577558 0.8219780219780219 7134
  30.57755775577558 0.8219780219780219 7153
  30.57755775577558 0.8219780219780219 7171
  30.57755775577558 0.8219780219780219 7190
  30.57755775577558 0.8219780219780219 7208
  30.493949394939495 0.8235897435897436 7226
  30.57755775577558 0.8219780219780219 7244
  30.57755775577558 0.8219780219780219 7263
  30.57755775577558 0.8243956043956044 7281
  30.493949394939495 0.8235897435897436 7299
  29.825082508250826 0.8235897435897436 7318
  30.57755775577558 0.8235897435897436 7336
  30.326732673267326 0.8243956043956044 7354
  30.493949394939495 0.8235897435897436 7373
  30.493949394939495 0.8235897435897436 7391
  30.493949394939495 0.8243956043956044 7409
  30.493949394939495 0.8235897435897436 7428
  30.493949394939495 0.8219780219780219 7446
  30.243124312431245 0.8219780219780219 7464
  30.493949394939495 0.8219780219780219 7483
  30.243124312431245 0.8219780219780219 7501
  30.493949394939495 0.8235897435897436 7519
  30.493949394939495 0.8243956043956044 7538
  30.243124312431245 0.8235897435897436 7556
  29.825082508250826 0.8243956043956044 7574
  30.493949394939495 0.8219780219780219 7593
  30.326732673267326 0.8235897435897436 7611
  30.243124312431245 0.8243956043956044 7629
  30.243124312431245 0.8219780219780219 7648
  29.825082508250826 0.8219780219780219 7666
  29.825082508250826 0.8219780219780219 7684
  30.243124312431245 0.8243956043956044 7702
  29.825082508250826 0.8219780219780219 7721
  29.825082508250826 0.8219780219780219 7739
  29.825082508250826 0.8235897435897436 7757
  29.825082508250826 0.8219780219780219 7776
  30.243124312431245 0.8219780219780219 7794
  29.825082508250826 0.8227838827838828 7812
  29.825082508250826 0.8219780219780219 7831
  29.825082508250826 0.8219780219780219 7849
  29.825082508250826 0.8219780219780219 7867
  29.825082508250826 0.8219780219780219 7886
  29.825082508250826 0.8235897435897436 7904
  29.825082508250826 0.8235897435897436 7922
  29.156215621562158 0.8219780219780219 7941
  29.825082508250826 0.8219780219780219 7959
  29.825082508250826 0.8219780219780219 7978
  29.825082508250826 0.8235897435897436 7996
  29.825082508250826 0.8219780219780219 8014
  29.825082508250826 0.8219780219780219 8032
  29.825082508250826 0.8219780219780219 8051
  29.825082508250826 0.8219780219780219 8069
  29.825082508250826 0.8219780219780219 8087
  29.825082508250826 0.8195604395604396 8106
  29.825082508250826 0.8219780219780219 8124
  29.825082508250826 0.8219780219780219 8142
  29.825082508250826 0.8195604395604396 8161
  29.156215621562158 0.8195604395604396 8179
  29.825082508250826 0.8195604395604396 8197
  29.825082508250826 0.8195604395604396 8216
  29.156215621562158 0.8195604395604396 8234
  29.825082508250826 0.8187545787545788 8252
  30.243124312431245 0.8187545787545788 8271
  29.825082508250826 0.8195604395604396 8289
  29.825082508250826 0.8187545787545788 8307
  30.243124312431245 0.8179487179487179 8326
  29.825082508250826 0.8179487179487179 8344
  30.243124312431245 0.8187545787545788 8362
  30.41034103410341 0.8147252747252747 8381
  30.493949394939495 0.8147252747252747 8399
  30.41034103410341 0.8147252747252747 8417
  29.825082508250826 0.8147252747252747 8436
  30.57755775577558 0.8147252747252747 8454
  30.57755775577558 0.8131135531135532 8472
  30.57755775577558 0.8147252747252747 8491
  30.66116611661166 0.8131135531135532 8509
  30.66116611661166 0.8131135531135532 8527
  30.57755775577558 0.8123076923076923 8546
  30.493949394939495 0.8131135531135532 8564
  30.82838283828383 0.8131135531135532 8582
  30.57755775577558 0.8123076923076923 8601
  31.246424642464248 0.8123076923076923 8619
  31.246424642464248 0.8131135531135532 8637
  30.82838283828383 0.8123076923076923 8656
  31.246424642464248 0.8131135531135532 8674
  31.246424642464248 0.8123076923076923 8692
  30.493949394939495 0.8123076923076923 8711
  31.330033003300333 0.8123076923076923 8729
  31.330033003300333 0.8123076923076923 8747
  31.831683168316832 0.8123076923076923 8766
  30.995599559955995 0.8123076923076923 8784
  31.580858085808583 0.8115018315018315 8802
  31.246424642464248 0.8106959706959707 8821
  31.330033003300333 0.8106959706959707 8839
  31.580858085808583 0.8123076923076923 8857
  31.831683168316832 0.8123076923076923 8876
  31.831683168316832 0.8123076923076923 8894
  31.580858085808583 0.8106959706959707 8913
  31.998899889989 0.8123076923076923 8931
  31.580858085808583 0.809084249084249 8949
  30.995599559955995 0.805054945054945 8968
  31.580858085808583 0.8123076923076923 8986
  31.831683168316832 0.8115018315018315 9004
  32.16611661166117 0.8115018315018315 9023
  31.831683168316832 0.8106959706959707 9041
  32.16611661166117 0.8106959706959707 9059
  32.16611661166117 0.809084249084249 9078
  32.16611661166117 0.8106959706959707 9096
  31.998899889989 0.8123076923076923 9114
  32.16611661166117 0.8115018315018315 9132
  32.16611661166117 0.8115018315018315 9151
  32.16611661166117 0.8123076923076923 9169
  32.333333333333336 0.8106959706959707 9187
  32.16611661166117 0.8123076923076923 9206
  32.500550055005505 0.8123076923076923 9224
  32.16611661166117 0.8115018315018315 9243
  32.500550055005505 0.8123076923076923 9261
  32.500550055005505 0.8106959706959707 9279
  32.16611661166117 0.8106959706959707 9297
  32.16611661166117 0.8098901098901099 9316
  31.831683168316832 0.8123076923076923 9334
  31.831683168316832 0.8123076923076923 9352
  31.831683168316832 0.8123076923076923 9371
  31.831683168316832 0.8123076923076923 9389
  31.831683168316832 0.8106959706959707 9407
  31.831683168316832 0.8106959706959707 9426
  31.831683168316832 0.8115018315018315 9444
  32.16611661166117 0.8123076923076923 9462
  31.580858085808583 0.8106959706959707 9480
  31.831683168316832 0.8115018315018315 9499
  31.831683168316832 0.8123076923076923 9517
  32.41694169416942 0.8123076923076923 9535
  32.500550055005505 0.8106959706959707 9554
  32.16611661166117 0.8123076923076923 9572
  31.998899889989 0.8123076923076923 9590
  31.831683168316832 0.8123076923076923 9609
  32.500550055005505 0.8123076923076923 9627
  32.16611661166117 0.8123076923076923 9645
  31.998899889989 0.8115018315018315 9664
  32.500550055005505 0.8123076923076923 9682
  31.998899889989 0.8123076923076923 9700
  32.500550055005505 0.8123076923076923 9719
  31.831683168316832 0.8123076923076923 9737
  31.831683168316832 0.8131135531135532 9755
  31.831683168316832 0.8123076923076923 9774
  32.16611661166117 0.8123076923076923 9792
  32.16611661166117 0.8123076923076923 9810
  32.500550055005505 0.8123076923076923 9829
  32.500550055005505 0.8123076923076923 9847
  32.16611661166117 0.8123076923076923 9865
  32.16611661166117 0.8123076923076923 9884
  32.16611661166117 0.8123076923076923 9902
  31.246424642464248 0.8123076923076923 9920
  31.831683168316832 0.8123076923076923 9939
  32.16611661166117 0.8123076923076923 9957
  31.998899889989 0.8123076923076923 9975
  32.16611661166117 0.8123076923076923 9994
  31.831683168316832 0.8123076923076923 10012
  32.16611661166117 0.8123076923076923 10030
  32.16611661166117 0.8123076923076923 10049
  31.580858085808583 0.8123076923076923 10067
  31.831683168316832 0.8115018315018315 10085
  31.998899889989 0.8106959706959707 10104
  32.16611661166117 0.8123076923076923 10122
  32.16611661166117 0.8106959706959707 10140
  32.16611661166117 0.8123076923076923 10159
  31.998899889989 0.8123076923076923 10177
  31.831683168316832 0.8115018315018315 10195
  32.16611661166117 0.8123076923076923 10214
  32.16611661166117 0.8123076923076923 10232
  31.831683168316832 0.8123076923076923 10250
  31.580858085808583 0.8123076923076923 10269
  31.998899889989 0.8123076923076923 10287
  31.831683168316832 0.8123076923076923 10305
  31.831683168316832 0.8123076923076923 10324
  31.580858085808583 0.8123076923076923 10342
  31.831683168316832 0.8106959706959707 10360
  31.831683168316832 0.8123076923076923 10379
  31.580858085808583 0.8123076923076923 10397
  31.580858085808583 0.8123076923076923 10415
  31.831683168316832 0.8123076923076923 10434
  31.831683168316832 0.8123076923076923 10452
  31.998899889989 0.8123076923076923 10470
  31.162816281628164 0.8123076923076923 10489
  31.831683168316832 0.8123076923076923 10507
  31.831683168316832 0.8123076923076923 10525
  31.831683168316832 0.8123076923076923 10543
  31.831683168316832 0.8123076923076923 10562
  31.831683168316832 0.8123076923076923 10580
  30.82838283828383 0.8123076923076923 10598
  31.580858085808583 0.8123076923076923 10617
  30.66116611661166 0.8123076923076923 10635
  31.831683168316832 0.8123076923076923 10653
  31.162816281628164 0.8123076923076923 10672
  31.831683168316832 0.8123076923076923 10690
  31.831683168316832 0.8123076923076923 10708
  31.831683168316832 0.8123076923076923 10727
  31.580858085808583 0.8123076923076923 10745
  31.831683168316832 0.8131135531135532 10763
  31.831683168316832 0.8123076923076923 10782
  31.748074807480748 0.8123076923076923 10800
  31.330033003300333 0.8131135531135532 10818
  31.831683168316832 0.8123076923076923 10837
  31.831683168316832 0.8123076923076923 10855
  31.831683168316832 0.8123076923076923 10873
  31.831683168316832 0.8123076923076923 10892
  31.580858085808583 0.8131135531135532 10910
  31.831683168316832 0.8123076923076923 10928
  31.580858085808583 0.8147252747252747 10946
  31.330033003300333 0.8131135531135532 10965
  30.82838283828383 0.8131135531135532 10983
  30.57755775577558 0.8131135531135532 11001
  31.748074807480748 0.8131135531135532 11020
  31.246424642464248 0.8131135531135532 11038
  31.330033003300333 0.8131135531135532 11056
  31.580858085808583 0.8131135531135532 11075
  31.246424642464248 0.8131135531135532 11093
  30.995599559955995 0.8147252747252747 11111
  31.246424642464248 0.8147252747252747 11130
  31.330033003300333 0.8131135531135532 11148
  30.82838283828383 0.8131135531135532 11166
  31.162816281628164 0.8147252747252747 11185
  31.162816281628164 0.8131135531135532 11203
  31.246424642464248 0.8123076923076923 11221
  30.57755775577558 0.8131135531135532 11240
  30.57755775577558 0.8131135531135532 11258
  30.243124312431245 0.8147252747252747 11276
  30.82838283828383 0.8131135531135532 11295
  31.580858085808583 0.8147252747252747 11313
  31.162816281628164 0.8131135531135532 11331
  30.243124312431245 0.8131135531135532 11350
  30.82838283828383 0.8131135531135532 11368
  31.330033003300333 0.8131135531135532 11386
  30.57755775577558 0.8131135531135532 11405
  30.82838283828383 0.8147252747252747 11423
  30.66116611661166 0.8131135531135532 11441
  31.246424642464248 0.8131135531135532 11460
  29.825082508250826 0.8131135531135532 11478
  31.162816281628164 0.8131135531135532 11496
  29.825082508250826 0.8131135531135532 11515
  30.66116611661166 0.8131135531135532 11533
  29.825082508250826 0.8147252747252747 11552
  30.66116611661166 0.8131135531135532 11570
  30.82838283828383 0.8147252747252747 11588
  30.66116611661166 0.8131135531135532 11606
  30.66116611661166 0.8131135531135532 11625
  30.82838283828383 0.8131135531135532 11643
  30.82838283828383 0.8131135531135532 11662
  30.82838283828383 0.8131135531135532 11680
  30.66116611661166 0.8147252747252747 11698
  30.66116611661166 0.8131135531135532 11716
  30.82838283828383 0.8131135531135532 11735
  30.82838283828383 0.8147252747252747 11753
  30.66116611661166 0.8147252747252747 11771
  30.326732673267326 0.8147252747252747 11790
  30.66116611661166 0.8131135531135532 11808
  29.825082508250826 0.8147252747252747 11827
  29.825082508250826 0.8147252747252747 11845
  29.825082508250826 0.8131135531135532 11863
  30.243124312431245 0.8147252747252747 11882
  30.66116611661166 0.8131135531135532 11900
  30.66116611661166 0.8147252747252747 11918
  30.57755775577558 0.8147252747252747 11937
  30.57755775577558 0.8131135531135532 11955
  30.57755775577558 0.8131135531135532 11973
  30.57755775577558 0.8131135531135532 11992
  30.66116611661166 0.8147252747252747 12010
  30.82838283828383 0.8131135531135532 12028
  30.82838283828383 0.8131135531135532 12047
  30.66116611661166 0.8131135531135532 12065
  30.66116611661166 0.8147252747252747 12083
  30.82838283828383 0.8131135531135532 12102
  29.156215621562158 0.8147252747252747 12120
  30.66116611661166 0.8131135531135532 12138
  29.156215621562158 0.8147252747252747 12157
  30.57755775577558 0.8131135531135532 12175
  30.66116611661166 0.8131135531135532 12193
  30.66116611661166 0.8131135531135532 12212
  30.57755775577558 0.8131135531135532 12230
  30.493949394939495 0.8131135531135532 12248
  30.66116611661166 0.8131135531135532 12267
  30.66116611661166 0.8123076923076923 12285
  30.66116611661166 0.8131135531135532 12303
  30.493949394939495 0.8131135531135532 12322
  30.66116611661166 0.8123076923076923 12340
  30.57755775577558 0.8131135531135532 12358
  30.57755775577558 0.8131135531135532 12377
  30.243124312431245 0.8131135531135532 12395
  30.243124312431245 0.8147252747252747 12413
  30.493949394939495 0.8131135531135532 12432
  30.243124312431245 0.8131135531135532 12450
  30.243124312431245 0.8131135531135532 12468
  29.156215621562158 0.8131135531135532 12486
  30.82838283828383 0.8147252747252747 12505
  30.66116611661166 0.8147252747252747 12523
  30.493949394939495 0.8131135531135532 12542
  30.66116611661166 0.8131135531135532 12560
  30.326732673267326 0.8131135531135532 12578
  30.57755775577558 0.8131135531135532 12596
  29.825082508250826 0.8131135531135532 12615
  30.57755775577558 0.8131135531135532 12633
  29.156215621562158 0.8131135531135532 12651
  30.66116611661166 0.8131135531135532 12670
  30.57755775577558 0.8131135531135532 12688
  29.156215621562158 0.8123076923076923 12706
  30.57755775577558 0.8131135531135532 12725
  30.57755775577558 0.8147252747252747 12743
  30.66116611661166 0.8123076923076923 12762
  30.82838283828383 0.8131135531135532 12780
  30.57755775577558 0.8131135531135532 12798
  30.66116611661166 0.8131135531135532 12817
  30.57755775577558 0.8147252747252747 12835
  30.57755775577558 0.8131135531135532 12853
  30.243124312431245 0.8147252747252747 12872
  30.66116611661166 0.8131135531135532 12890
  30.57755775577558 0.8147252747252747 12908
  29.156215621562158 0.8131135531135532 12927
  30.66116611661166 0.8131135531135532 12945
  30.66116611661166 0.8131135531135532 12963
  30.66116611661166 0.8147252747252747 12982
  30.57755775577558 0.8147252747252747 13000
  30.57755775577558 0.8147252747252747 13019
  30.57755775577558 0.8131135531135532 13037
  30.493949394939495 0.8147252747252747 13055
  30.66116611661166 0.8147252747252747 13074
  30.66116611661166 0.8147252747252747 13092
  30.66116611661166 0.8131135531135532 13110
  30.66116611661166 0.8147252747252747 13129
  30.57755775577558 0.8131135531135532 13147
  29.156215621562158 0.8147252747252747 13165
  29.156215621562158 0.8147252747252747 13184
  30.82838283828383 0.8131135531135532 13202
  29.156215621562158 0.8131135531135532 13220
  30.57755775577558 0.8147252747252747 13239
  30.66116611661166 0.8147252747252747 13257
  30.66116611661166 0.8147252747252747 13275
  30.82838283828383 0.8147252747252747 13294
  30.66116611661166 0.8147252747252747 13312
  30.493949394939495 0.8147252747252747 13330
  30.243124312431245 0.8147252747252747 13349
  29.156215621562158 0.8147252747252747 13367
  29.156215621562158 0.8147252747252747 13385
  30.57755775577558 0.8147252747252747 13404
  30.82838283828383 0.8147252747252747 13422
  30.66116611661166 0.8147252747252747 13440
  30.57755775577558 0.8147252747252747 13459
  30.66116611661166 0.8147252747252747 13477
  30.57755775577558 0.8147252747252747 13495
  30.41034103410341 0.8131135531135532 13514
  30.82838283828383 0.8147252747252747 13532
  30.57755775577558 0.8147252747252747 13550
  30.66116611661166 0.8179487179487179 13569
  29.825082508250826 0.8179487179487179 13587
  30.66116611661166 0.8179487179487179 13605
  30.66116611661166 0.8147252747252747 13624
  30.243124312431245 0.8147252747252747 13642
  30.66116611661166 0.8163369963369963 72993
